1 10 0.694010853767395 0.7146030068397522 0.9096001982688904 0.09738057106733322 0.22656399011611938
1 20 0.6939111948013306 0.7296637892723083 0.6587327122688293 0.11497559398412704 0.12283479422330856
1 30 0.6930317878723145 0.6877743601799011 0.6007761359214783 0.9747126698493958 0.025743776932358742
1 40 0.6950165033340454 0.6370618343353271 0.47297435998916626 0.9632936716079712 0.08718685805797577
1 50 0.7011973857879639 0.5774072408676147 0.3901618719100952 0.9364238381385803 0.07748794555664062
1 60 0.7203318476676941 0.49433228373527527 0.5219003558158875 0.9527959227561951 0.1221374049782753
1 70 0.7448621392250061 0.43168216943740845 0.535087525844574 0.9418736100196838 0.10685019195079803
1 80 0.8510476350784302 0.2974676191806793 0.542778491973877 0.8545569777488708 0.14164648950099945
1 90 0.8568359613418579 0.2915920615196228 0.4037388861179352 0.8547932505607605 0.16464518010616302
1 100 0.9188317656517029 0.2455483376979828 0.5181476473808289 0.820617139339447 0.13248658180236816
2 110 1.0120126008987427 0.2005307376384735 0.3839566111564636 0.889385461807251 0.15793651342391968
2 120 1.0122411251068115 0.19287581741809845 0.4039232134819031 0.8681073188781738 0.19851750135421753
2 130 1.177005410194397 0.1372644305229187 0.5971452593803406 0.6669042706489563 0.19512026011943817
2 140 1.4361381530761719 0.08565319329500198 0.29587724804878235 0.8645258545875549 0.21746812760829926
2 150 1.4234778881072998 0.09052398800849915 0.4932456612586975 0.7760898470878601 0.15903092920780182
2 160 1.4062285423278809 0.08735855668783188 0.5410786271095276 0.8489035964012146 0.13775958120822906
2 170 1.4925204515457153 0.09041358530521393 0.4049980342388153 0.8065779209136963 0.1501348316669464
2 180 1.5260957479476929 0.07015886157751083 0.3675118088722229 0.8237439393997192 0.19851577281951904
2 190 1.72825288772583 0.05292990431189537 0.4387926757335663 0.8013871312141418 0.17654003202915192
2 200 1.876488208770752 0.04029230773448944 0.42768582701683044 0.7726010680198669 0.18276038765907288
2 210 2.2392096519470215 0.02290279045701027 0.5496399998664856 0.8847087621688843 0.15293706953525543
3 220 2.018129825592041 0.07210924476385117 0.34149256348609924 0.9161475896835327 0.20433899760246277
3 230 2.2983150482177734 0.02638586238026619 0.48025593161582947 0.8965517282485962 0.16554810106754303
3 240 1.924675703048706 0.04184805974364281 0.30425453186035156 0.8676087856292725 0.2191021740436554
3 250 2.3450329303741455 0.03964187204837799 0.26580899953842163 0.881647527217865 0.2094895988702774
3 260 1.8978875875473022 0.040706466883420944 0.3435314893722534 0.8155381679534912 0.186872199177742
3 270 1.6704483032226562 0.06641484797000885 0.3507632613182068 0.869438648223877 0.18509338796138763
3 280 1.87814462184906 0.049666766077280045 0.26606297492980957 0.7506372332572937 0.22421012818813324
3 290 1.6288267374038696 0.0635358989238739 0.3976987302303314 0.9242212772369385 0.17282448709011078
3 300 1.7591743469238281 0.055604275315999985 0.2843913435935974 0.8372690081596375 0.1940973401069641
3 310 1.5966665744781494 0.06503479927778244 0.27939900755882263 0.8675000071525574 0.22544178366661072
3 320 1.985268235206604 0.03626595810055733 0.37577342987060547 0.7631174325942993 0.22019511461257935
4 330 1.7654789686203003 0.046730831265449524 0.35805439949035645 0.6660922169685364 0.2929139733314514
4 340 2.0342211723327637 0.04675273597240448 0.35825207829475403 0.8670058250427246 0.17755618691444397
4 350 1.531251072883606 0.07835964858531952 0.44117972254753113 0.699917733669281 0.19457945227622986
4 360 1.6557676792144775 0.08075784146785736 0.30604109168052673 0.7254558801651001 0.23603999614715576
4 370 1.674601435661316 0.0560573935508728 0.3426356613636017 0.7731958627700806 0.2170230746269226
4 380 1.7330111265182495 0.04848907142877579 0.30776306986808777 0.6068158745765686 0.20438581705093384
4 390 1.6442254781723022 0.057386916130781174 0.40433967113494873 0.6989492774009705 0.18063753843307495
4 400 1.3895710706710815 0.1029721349477768 0.33753839135169983 0.6698113083839417 0.23027026653289795
4 410 1.4847009181976318 0.07344916462898254 0.3815612196922302 0.6830019354820251 0.1680099219083786
4 420 1.4774854183197021 0.08340630680322647 0.2646944522857666 0.7397165298461914 0.22519204020500183
5 430 1.567260980606079 0.06780499964952469 0.32416093349456787 0.7312859892845154 0.23451565206050873
5 440 1.4538109302520752 0.09015046060085297 0.36482274532318115 0.6328186988830566 0.21127411723136902
5 450 1.6290900707244873 0.07037055492401123 0.3375500440597534 0.6491680145263672 0.23660649359226227
5 460 1.7277487516403198 0.06738314777612686 0.24168884754180908 0.790143609046936 0.2729117274284363
5 470 1.458717703819275 0.09645188599824905 0.30194368958473206 0.6901523470878601 0.2102079689502716
5 480 1.301652431488037 0.10964109748601913 0.44572705030441284 0.6005961298942566 0.2471255511045456
5 490 1.5181667804718018 0.07949957251548767 0.32869812846183777 0.648246169090271 0.2732979953289032
5 500 1.4213497638702393 0.10131559520959854 0.3611697256565094 0.6073211431503296 0.21052294969558716
5 510 1.3497965335845947 0.09549706429243088 0.37027281522750854 0.6868395805358887 0.2247438281774521
5 520 1.1980952024459839 0.16130664944648743 0.2742016315460205 0.674841046333313 0.22283315658569336
5 530 1.3135048151016235 0.11470374464988708 0.4228690266609192 0.5365853905677795 0.23735670745372772
6 540 1.3773046731948853 0.09814149141311646 0.42150580883026123 0.5891585350036621 0.2092927247285843
6 550 1.3769475221633911 0.10214325040578842 0.2795330584049225 0.6276131272315979 0.23488952219486237
6 560 1.531282663345337 0.07644098997116089 0.3336201310157776 0.6635618209838867 0.2364734709262848
6 570 1.3693183660507202 0.09241650998592377 0.29259246587753296 0.7861873507499695 0.2442920207977295
6 580 1.350726842880249 0.09277957677841187 0.4076681137084961 0.5884872674942017 0.264230340719223
6 590 1.3079502582550049 0.130714550614357 0.25150471925735474 0.6315234303474426 0.257911741733551
6 600 1.334833025932312 0.11841145902872086 0.2990184426307678 0.7113646268844604 0.2596433460712433
6 610 1.5538489818572998 0.082361601293087 0.2974972724914551 0.7152650952339172 0.2434660792350769
6 620 1.2700644731521606 0.11299319565296173 0.28160202503204346 0.6482412219047546 0.27139610052108765
6 630 1.3226025104522705 0.10171166807413101 0.40306612849235535 0.7981822490692139 0.22572991251945496
6 640 1.3084948062896729 0.11140188574790955 0.26348429918289185 0.6558079719543457 0.26724889874458313
7 650 1.2480547428131104 0.11968894302845001 0.39566755294799805 0.6160112619400024 0.24571429193019867
7 660 1.2192274332046509 0.13523752987384796 0.30940401554107666 0.6607801914215088 0.2192775309085846
7 670 1.3035478591918945 0.10866279900074005 0.318896621465683 0.6695287227630615 0.24789826571941376
7 680 1.2868727445602417 0.10892105102539062 0.4587327837944031 0.5243147611618042 0.24874161183834076
7 690 1.213100790977478 0.13598819077014923 0.3341299295425415 0.67428058385849 0.25800013542175293
7 700 1.2694507837295532 0.12649358808994293 0.263750821352005 0.6442636847496033 0.26011061668395996
7 710 1.1811095476150513 0.14377287030220032 0.23742936551570892 0.638621985912323 0.26783958077430725
7 720 1.3075860738754272 0.10405967384576797 0.4931408166885376 0.6244131326675415 0.2229968160390854
7 730 1.1716580390930176 0.153659388422966 0.2824960947036743 0.6282078623771667 0.24473270773887634
7 740 1.3341820240020752 0.11201604455709457 0.2250087559223175 0.6358317136764526 0.23758459091186523
8 750 1.289253830909729 0.11329681426286697 0.32557156682014465 0.7137824892997742 0.2143612802028656
8 760 1.3632582426071167 0.09971293061971664 0.23077137768268585 0.6576448082923889 0.2842191755771637
8 770 1.1733874082565308 0.13666187226772308 0.32796961069107056 0.6225073933601379 0.2484600991010666
8 780 1.2139517068862915 0.12316560745239258 0.2905864119529724 0.6430911421775818 0.2635444700717926
8 790 1.3383679389953613 0.10311219841241837 0.25892797112464905 0.6385064721107483 0.28474417328834534
8 800 1.1772462129592896 0.130324587225914 0.35234779119491577 0.6494733691215515 0.27877137064933777
8 810 1.185027837753296 0.13209624588489532 0.3662281632423401 0.5551459193229675 0.21528564393520355
8 820 1.2048392295837402 0.12318215519189835 0.2996407747268677 0.6426397562026978 0.2975819706916809
8 830 1.257082223892212 0.13118693232536316 0.4245642423629761 0.545242428779602 0.20869305729866028
8 840 1.2860924005508423 0.11211616545915604 0.24414688348770142 0.6262607574462891 0.3004480302333832
8 850 1.1554287672042847 0.1406286358833313 0.3455200493335724 0.6532005667686462 0.2853769063949585
9 860 1.3381277322769165 0.10122707486152649 0.28012728691101074 0.6644256711006165 0.26300182938575745
9 870 1.1691867113113403 0.13357657194137573 0.4485228657722473 0.5721802115440369 0.2477220892906189
9 880 1.2453608512878418 0.12621380388736725 0.17788641154766083 0.6667491793632507 0.34623295068740845
9 890 1.117262601852417 0.15492147207260132 0.5472902059555054 0.7532804608345032 0.23434415459632874
1 10 0.6940113306045532 0.714587390422821 0.9094512462615967 0.09744219481945038 0.2263738363981247
1 20 0.6938836574554443 0.7293229103088379 0.6583961248397827 0.11506803333759308 0.1275842785835266
1 30 0.6930670142173767 0.6879614591598511 0.594984233379364 0.9534367918968201 0.02610807493329048
1 40 0.6949220895767212 0.6364237666130066 0.4760908782482147 0.9591474533081055 0.09697405248880386
1 50 0.7013740539550781 0.5764785408973694 0.39382457733154297 0.9385749101638794 0.08373520523309708
1 60 0.7260406613349915 0.48350194096565247 0.5252668261528015 0.8178251385688782 0.13582201302051544
1 70 0.7504899501800537 0.42349109053611755 0.5049248337745667 0.8491907119750977 0.13770806789398193
1 80 0.8339621424674988 0.3129631578922272 0.5390428900718689 0.916406512260437 0.13906727731227875
1 90 0.8430519700050354 0.3032500743865967 0.42704617977142334 0.8905220627784729 0.15903331339359283
1 100 0.9339503049850464 0.2365124225616455 0.5267347693443298 0.8314295411109924 0.13150115311145782
2 110 1.0269538164138794 0.19422908127307892 0.3890625834465027 0.8853479623794556 0.15985450148582458
2 120 1.0317586660385132 0.1846017986536026 0.41522032022476196 0.857038676738739 0.20022152364253998
2 130 1.1531791687011719 0.14417271316051483 0.49509790539741516 0.7642642855644226 0.17690810561180115
2 140 1.384764313697815 0.09357444941997528 0.29751747846603394 0.8447204828262329 0.22314779460430145
2 150 1.408897876739502 0.092872254550457 0.4899314045906067 0.7713724374771118 0.15936928987503052
2 160 1.4006154537200928 0.08826736360788345 0.5356860756874084 0.8422149419784546 0.13790582120418549
2 170 1.4988865852355957 0.08962871879339218 0.4012182354927063 0.7879806160926819 0.15385176241397858
2 180 1.5947517156600952 0.06253824383020401 0.36360597610473633 0.8021596670150757 0.203105166554451
2 190 1.859661340713501 0.043524112552404404 0.44500404596328735 0.8222962021827698 0.17160913348197937
2 200 1.976896047592163 0.03483463451266289 0.45080751180648804 0.7955426573753357 0.179767906665802
2 210 2.3453290462493896 0.01954665780067444 0.43547600507736206 0.8686566948890686 0.16279719769954681
3 220 2.236469268798828 0.060958702117204666 0.3393992781639099 0.9370160102844238 0.1939724236726761
3 230 2.7087607383728027 0.01580011658370495 0.47418421506881714 0.8872814774513245 0.16887512803077698
3 240 2.3064005374908447 0.02509886771440506 0.3147028386592865 0.8967586755752563 0.2104620635509491
3 250 2.851971387863159 0.02504999376833439 0.2634108364582062 0.8800208568572998 0.208994060754776
3 260 2.4091434478759766 0.02019328624010086 0.3600630760192871 0.8465094566345215 0.18209846317768097
3 270 2.146209478378296 0.03534124419093132 0.34965431690216064 0.863286018371582 0.18836858868598938
3 280 2.4415552616119385 0.025245297700166702 0.281891793012619 0.782355546951294 0.22167237102985382
3 290 2.2394208908081055 0.02730782888829708 0.33895495533943176 0.8573649525642395 0.19177605211734772
3 300 2.336216688156128 0.025448927655816078 0.29035624861717224 0.8287937641143799 0.2027847170829773
3 310 2.0883500576019287 0.031225763261318207 0.2685297727584839 0.8520653247833252 0.23050935566425323
3 320 2.6114354133605957 0.015725022181868553 0.41108542680740356 0.8829976320266724 0.18883821368217468
4 330 2.3461999893188477 0.01969507336616516 0.3652722239494324 0.7098718881607056 0.2677150368690491
4 340 2.6950411796569824 0.023086590692400932 0.32258814573287964 0.822265625 0.18797440826892853
4 350 1.9322595596313477 0.04452931880950928 0.45762383937835693 0.804499626159668 0.17788323760032654
4 360 2.17210054397583 0.04924268648028374 0.31064003705978394 0.7417610883712769 0.23417052626609802
4 370 2.223557233810425 0.024778392165899277 0.374897837638855 0.6762360334396362 0.2393958568572998
4 380 2.1577186584472656 0.025277961045503616 0.2980254590511322 0.6733272671699524 0.19050882756710052
4 390 2.0365335941314697 0.031222518533468246 0.3855242133140564 0.7215659022331238 0.18388429284095764
4 400 1.6608402729034424 0.06960068643093109 0.335147500038147 0.6985902786254883 0.2250090092420578
4 410 1.725501537322998 0.048736222088336945 0.3764411211013794 0.7314531207084656 0.16435903310775757
4 420 1.7165132761001587 0.05762030556797981 0.25900983810424805 0.7155030965805054 0.2297169268131256
5 430 1.8085367679595947 0.046292275190353394 0.3132372796535492 0.7188718318939209 0.2412095069885254
5 440 1.6422029733657837 0.0676300972700119 0.3511478900909424 0.6938822865486145 0.1971319019794464
5 450 1.81462824344635 0.054346177726984024 0.3416805863380432 0.7495604157447815 0.21545127034187317
5 460 1.9419041872024536 0.05241232365369797 0.246043860912323 0.8146106004714966 0.2664863169193268
5 470 1.7146542072296143 0.06779684126377106 0.281372606754303 0.6797333359718323 0.2112022489309311
5 480 1.4962499141693115 0.07942600548267365 0.4449699819087982 0.6068717241287231 0.2409934103488922
5 490 1.7132608890533447 0.05917244777083397 0.3356785178184509 0.6412239074707031 0.2719028890132904
5 500 1.5876383781433105 0.07970105856657028 0.3643215000629425 0.5808553099632263 0.2228274792432785
5 510 1.500445008277893 0.07301196455955505 0.3964507579803467 0.7450675964355469 0.2112906277179718
5 520 1.3002665042877197 0.13960078358650208 0.27289077639579773 0.6634557247161865 0.22033390402793884
5 530 1.403175711631775 0.09932421892881393 0.36514386534690857 0.5949706435203552 0.21755655109882355
6 540 1.4762390851974487 0.08360370248556137 0.4369605779647827 0.6320738792419434 0.19086216390132904
6 550 1.4989324808120728 0.0844096764922142 0.285078227519989 0.5997400879859924 0.23807066679000854
6 560 1.667834758758545 0.062066737562417984 0.3262922167778015 0.632290780544281 0.2482905089855194
6 570 1.4466725587844849 0.080657958984375 0.27959203720092773 0.7702746391296387 0.23361097276210785
6 580 1.3952906131744385 0.08556541055440903 0.38177725672721863 0.6151446104049683 0.2607441246509552
6 590 1.3603272438049316 0.12187787145376205 0.24159663915634155 0.6515786647796631 0.251022607088089
6 600 1.390613317489624 0.10889182239770889 0.2792786955833435 0.6713380813598633 0.2747269868850708
6 610 1.5587557554244995 0.082130566239357 0.2894311547279358 0.7108820080757141 0.24136589467525482
6 620 1.2974764108657837 0.10760170966386795 0.2736697793006897 0.6404358148574829 0.26710426807403564
6 630 1.468456745147705 0.07874208688735962 0.35487666726112366 0.7304295301437378 0.23983392119407654
6 640 1.4083141088485718 0.09435304999351501 0.2684764266014099 0.6454814076423645 0.2669869065284729
7 650 1.3390482664108276 0.10158222168684006 0.390339732170105 0.5989640355110168 0.24616245925426483
7 660 1.3435097932815552 0.110105000436306 0.2842566668987274 0.639809250831604 0.22295109927654266
7 670 1.3844739198684692 0.09443703293800354 0.3099583387374878 0.6444362998008728 0.24916990101337433
7 680 1.3106744289398193 0.10451706498861313 0.44101330637931824 0.5213306546211243 0.24732592701911926
7 690 1.2617372274398804 0.12540145218372345 0.33396992087364197 0.6737948656082153 0.25586676597595215
7 700 1.3232721090316772 0.11608035862445831 0.26872435212135315 0.6444297432899475 0.2529381215572357
7 710 1.2308274507522583 0.13163548707962036 0.23186707496643066 0.6278212666511536 0.26793786883354187
7 720 1.3350049257278442 0.09909959882497787 0.47596049308776855 0.6153197884559631 0.22542357444763184
7 730 1.1843271255493164 0.15047883987426758 0.2795853912830353 0.6179919242858887 0.2395273894071579
7 740 1.3317317962646484 0.11263637989759445 0.20729941129684448 0.6488144993782043 0.24216553568840027
8 750 1.2814252376556396 0.11511079967021942 0.30103498697280884 0.6927761435508728 0.21813012659549713
8 760 1.3180028200149536 0.10827487707138062 0.2231844961643219 0.657014012336731 0.284013956785202
8 770 1.1599092483520508 0.14056675136089325 0.3235276937484741 0.619194507598877 0.25005191564559937
8 780 1.185826301574707 0.13056787848472595 0.289230614900589 0.6361867785453796 0.2582530379295349
8 790 1.300816297531128 0.11052905768156052 0.253531277179718 0.6297448873519897 0.2824186086654663
8 800 1.1648764610290527 0.13386844098567963 0.34845662117004395 0.6305293440818787 0.27956917881965637
8 810 1.162282943725586 0.13833031058311462 0.37781357765197754 0.5510585308074951 0.21087746322155
8 820 1.2179670333862305 0.12008518725633621 0.2980424463748932 0.6579161882400513 0.29928794503211975
8 830 1.272158145904541 0.1283433437347412 0.44351473450660706 0.5587877035140991 0.20492209494113922
8 840 1.2769887447357178 0.11442408710718155 0.2373354732990265 0.660204291343689 0.28378134965896606
8 850 1.201491355895996 0.12838874757289886 0.34899964928627014 0.6550244092941284 0.27506059408187866
9 860 1.3832511901855469 0.0936555415391922 0.2758261561393738 0.6592592597007751 0.26391422748565674
9 870 1.1784415245056152 0.13137903809547424 0.4591923654079437 0.618625819683075 0.23201404511928558
9 880 1.2945473194122314 0.11591459810733795 0.17583809792995453 0.671604335308075 0.34391874074935913
9 890 1.271984338760376 0.1152372732758522 0.6593162417411804 0.4820033609867096 0.28234344720840454
9 900 1.180399775505066 0.1345071643590927 0.3548443615436554 0.6210469007492065 0.2789786159992218
9 910 1.0576610565185547 0.18580743670463562 0.2713504731655121 0.5811629891395569 0.317295640707016
9 920 1.1283544301986694 0.16335269808769226 0.2822819650173187 0.5985354781150818 0.31636515259742737
9 930 1.1356358528137207 0.14576277136802673 0.3778550326824188 0.6423148512840271 0.2638578414916992
9 940 1.1246531009674072 0.15194571018218994 0.22044306993484497 0.6378723382949829 0.3061995804309845
9 950 1.1463302373886108 0.14252983033657074 0.3560108542442322 0.6216890215873718 0.23779724538326263
9 960 1.0924700498580933 0.16252072155475616 0.3939548432826996 0.613398015499115 0.25153210759162903
10 970 1.1377673149108887 0.14808668196201324 0.2506074905395508 0.6075880527496338 0.2761310338973999
10 980 1.0665572881698608 0.17523328959941864 0.19959576427936554 0.7027952075004578 0.2852512300014496
10 990 1.07457435131073 0.16583958268165588 0.3293125033378601 0.6137864589691162 0.2772357165813446
10 1000 1.035207986831665 0.19796602427959442 0.2531047463417053 0.5436854362487793 0.267043799161911
10 1010 1.0488932132720947 0.17706239223480225 0.28158506751060486 0.6111482977867126 0.2884797751903534
10 1020 1.068052053451538 0.1745508760213852 0.19147378206253052 0.6337138414382935 0.31524890661239624
10 1030 1.0540024042129517 0.18360711634159088 0.22444427013397217 0.6814219951629639 0.2974271774291992
10 1040 1.0636459589004517 0.1762186884880066 0.3251012861728668 0.6765114665031433 0.2760331630706787
10 1050 0.9780734181404114 0.21216756105422974 0.2848653793334961 0.6572946906089783 0.2390691637992859
10 1060 0.9932703375816345 0.2063198685646057 0.31349682807922363 0.582709550857544 0.26938995718955994
10 1070 0.9947318434715271 0.20007330179214478 0.31755220890045166 0.6514788269996643 0.27452167868614197
11 1080 1.004201054573059 0.19724778831005096 0.27702486515045166 0.6070549488067627 0.2298850566148758
11 1090 1.0302867889404297 0.17938178777694702 0.3576935827732086 0.6869531273841858 0.2385067194700241
11 1100 1.003746509552002 0.19547858834266663 0.2742418646812439 0.6685609221458435 0.31897926330566406
11 1110 1.0502028465270996 0.18825852870941162 0.2737445533275604 0.6075306534767151 0.30379194021224976
11 1120 0.9993225932121277 0.19687308371067047 0.3654329776763916 0.5998899340629578 0.23973166942596436
11 1130 0.9799079895019531 0.20840291678905487 0.31860387325286865 0.5765424966812134 0.25886964797973633
11 1140 0.9977230429649353 0.1975225806236267 0.21129237115383148 0.7052835822105408 0.30397993326187134
11 1150 0.9665024876594543 0.2170521765947342 0.1790829747915268 0.681347131729126 0.375811904668808
11 1160 0.8896974325180054 0.2697638273239136 0.47035545110702515 0.543377697467804 0.2877635359764099
11 1170 0.8968490362167358 0.253648966550827 0.34678250551223755 0.6225388050079346 0.23484300076961517
12 1180 0.8091481924057007 0.3349641263484955 0.2202329784631729 0.7276806831359863 0.3087793290615082
12 1190 0.7678070068359375 0.3898128271102905 0.2106463611125946 0.6860749125480652 0.3299393057823181
12 1200 0.7582488656044006 0.4063001871109009 0.21356992423534393 0.7232121229171753 0.3534534275531769
12 1210 0.7341911792755127 0.45639127492904663 0.23727673292160034 0.6602437496185303 0.3217237889766693
12 1220 0.7170995473861694 0.5056539177894592 0.25422167778015137 0.6282688975334167 0.30829790234565735
12 1230 0.7080096006393433 0.547879159450531 0.34324613213539124 0.5920348763465881 0.27538129687309265
12 1240 0.700607180595398 0.594134509563446 0.2703177034854889 0.6096240282058716 0.33546188473701477
12 1250 0.6923372745513916 0.6828696131706238 0.3256480395793915 0.7124444246292114 0.307894229888916
12 1260 0.6964570879936218 0.7496352195739746 0.30120590329170227 0.6873324513435364 0.2778191566467285
12 1270 0.7078232765197754 0.8390738368034363 0.362229585647583 0.5998321175575256 0.3382700979709625
12 1280 0.7481791377067566 1.0631523132324219 0.2543691098690033 0.7237187623977661 0.36281290650367737
13 1290 0.8761159777641296 1.4463224411010742 0.28411269187927246 0.6683987975120544 0.2981627881526947
13 1300 0.9250447750091553 1.6028027534484863 0.3760530948638916 0.6398515105247498 0.28439581394195557
13 1310 1.0885241031646729 1.996409296989441 0.25146472454071045 0.7371066212654114 0.3229914903640747
13 1320 1.4936290979385376 2.875898599624634 0.4367578327655792 0.7359179258346558 0.2792488634586334
13 1330 2.1926474571228027 4.3510870933532715 0.33196496963500977 0.7991858720779419 0.264742910861969
13 1340 2.6295173168182373 5.240975379943848 0.42290765047073364 0.756233274936676 0.22388453781604767
13 1350 3.2753820419311523 6.525257110595703 0.6015695333480835 0.7264053225517273 0.18045035004615784
13 1360 3.6624510288238525 7.319429874420166 0.5295434594154358 0.7253711223602295 0.23086008429527283
13 1370 4.259424209594727 8.504779815673828 0.45971035957336426 0.7965487241744995 0.27561500668525696
13 1380 5.2562994956970215 10.468186378479004 0.9223363399505615 0.6798636317253113 0.22511446475982666
13 1390 5.956708908081055 11.905241012573242 0.4244338870048523 0.7275875210762024 0.2298249900341034
14 1400 5.2469964027404785 10.490249633789062 0.3083585500717163 0.7796052694320679 0.2556043565273285
14 1410 4.495314598083496 8.984529495239258 0.29892122745513916 0.7757726311683655 0.26800188422203064
14 1420 4.282765865325928 8.557944297790527 0.22353056073188782 0.7755630612373352 0.2919793426990509
14 1430 3.941775321960449 7.878584384918213 0.27812618017196655 0.781632661819458 0.2597784399986267
14 1440 4.024544715881348 8.023236274719238 0.2400476336479187 0.7553191781044006 0.25804105401039124
14 1450 4.447183609008789 8.887511253356934 0.24448522925376892 0.7553696036338806 0.23627956211566925
14 1460 3.5242795944213867 7.044256687164307 0.3299725353717804 0.6694162487983704 0.2718546688556671
14 1470 3.4927384853363037 6.966522216796875 0.2830219864845276 0.7616268396377563 0.2858455181121826
14 1480 3.744565486907959 7.476004600524902 0.23394393920898438 0.7765172719955444 0.27645397186279297
14 1490 4.575075626373291 9.138874053955078 0.33809512853622437 0.7387679219245911 0.3188087046146393
15 1500 4.4048871994018555 8.799239158630371 0.36201757192611694 0.7451373934745789 0.29199686646461487
15 1510 3.7628471851348877 7.514542102813721 0.2537064254283905 0.7965087294578552 0.30845001339912415
15 1520 4.218941688537598 8.42148208618164 0.28281188011169434 0.7057768702507019 0.30073848366737366
15 1530 4.432162761688232 8.846342086791992 0.6050835251808167 0.707754373550415 0.22233173251152039
15 1540 4.34037446975708 8.66500473022461 0.1924566924571991 0.7361204028129578 0.3028760254383087
15 1550 4.45099401473999 8.894461631774902 0.3379952907562256 0.7109436392784119 0.29666513204574585
15 1560 5.483293056488037 10.957972526550293 0.3957950472831726 0.7163843512535095 0.2999722957611084
15 1570 6.151657581329346 12.297332763671875 0.254538893699646 0.7449564337730408 0.3094351291656494
15 1580 7.781803607940674 15.523857116699219 0.7138527035713196 0.6163415908813477 0.2496112436056137
15 1590 6.162535667419434 12.309504508972168 0.4598420262336731 0.6435543298721313 0.28754040598869324
15 1600 5.964829921722412 11.920825004577637 0.4169508218765259 0.6894932389259338 0.23721055686473846
16 1610 7.95179557800293 15.887033462524414 0.4140227437019348 0.6937218308448792 0.33889690041542053
16 1620 7.673933029174805 15.357732772827148 0.36277300119400024 0.5985686182975769 0.29305586218833923
16 1630 8.901192665100098 17.80042266845703 0.478275865316391 0.6290062069892883 0.2562260031700134
16 1640 9.093017578125 18.191757202148438 0.3405734598636627 0.6109998226165771 0.3003581166267395
16 1650 8.112614631652832 16.221546173095703 0.3508249521255493 0.6551374793052673 0.29706984758377075
16 1660 7.658474445343018 15.306927680969238 0.414523720741272 0.6679770350456238 0.29736825823783875
16 1670 8.008682250976562 16.002819061279297 0.42738473415374756 0.6909899711608887 0.2876834571361542
16 1680 7.853639602661133 15.698925018310547 0.5711631178855896 0.6553041934967041 0.2790767252445221
16 1690 7.810124397277832 15.617846488952637 0.3066549301147461 0.6350352168083191 0.32065072655677795
16 1700 8.630827903747559 17.25423812866211 0.28081566095352173 0.6870777010917664 0.3064318597316742
16 1710 9.69192886352539 19.377531051635742 0.38799262046813965 0.623589277267456 0.3365359902381897
17 1720 9.200929641723633 18.380390167236328 0.5395259261131287 0.6396884322166443 0.3015122413635254
17 1730 10.723093032836914 21.447097778320312 0.38944196701049805 0.6538625955581665 0.3532124161720276
17 1740 9.974518775939941 19.927825927734375 0.4868539869785309 0.6737150549888611 0.28066134452819824
17 1750 11.193574905395508 22.385526657104492 0.4409829378128052 0.6435747146606445 0.2801726460456848
17 1760 12.063302993774414 24.112939834594727 0.3711472153663635 0.6958469748497009 0.3563360273838043
17 1770 12.514888763427734 24.973224639892578 0.8767133355140686 0.6843230724334717 0.24331754446029663
17 1780 11.560113906860352 23.119552612304688 0.26971131563186646 0.6711803674697876 0.37782251834869385
17 1790 14.607460975646973 29.199169158935547 0.43634259700775146 0.6988033652305603 0.2456154227256775
17 1800 12.866816520690918 25.731061935424805 0.5379795432090759 0.6238903999328613 0.3038373291492462
17 1810 12.74616527557373 25.478490829467773 0.49865424633026123 0.6318537592887878 0.30302608013153076
18 1820 15.10416030883789 30.21581268310547 0.42858707904815674 0.6195824146270752 0.3129682242870331
18 1830 13.517593383789062 27.01923179626465 0.5694133043289185 0.5809410810470581 0.2399902194738388
18 1840 15.223210334777832 30.424503326416016 0.4903581738471985 0.6998741030693054 0.2894756495952606
18 1850 13.825153350830078 27.631349563598633 0.5422093868255615 0.6590436697006226 0.3124963641166687
18 1860 17.173458099365234 34.34260940551758 0.8801873922348022 0.5410079956054688 0.2906093895435333
18 1870 16.763851165771484 33.50298309326172 0.6380599141120911 0.6281888484954834 0.31609928607940674
18 1880 15.01706600189209 30.032970428466797 0.4623250365257263 0.6364840865135193 0.3545186221599579
18 1890 15.3827543258667 30.759780883789062 0.48453691601753235 0.6424855589866638 0.32921141386032104
18 1900 14.108611106872559 28.206453323364258 0.4374989867210388 0.6520516872406006 0.2990718483924866
18 1910 16.054471969604492 32.10946273803711 0.5126840472221375 0.6223504543304443 0.33290842175483704
18 1920 16.638628005981445 33.27708053588867 0.8965083956718445 0.5443421006202698 0.3362594544887543
19 1930 16.928674697875977 33.857669830322266 0.4871540069580078 0.6274411678314209 0.292074590921402
19 1940 21.614761352539062 43.21528625488281 0.385009229183197 0.6816347241401672 0.2804941236972809
19 1950 17.395652770996094 34.78703689575195 0.43533429503440857 0.667331874370575 0.32447561621665955
19 1960 17.598478317260742 35.17241668701172 0.7361993789672852 0.6285998225212097 0.22340847551822662
19 1970 17.523954391479492 35.05342483520508 0.5192781686782837 0.6335256099700928 0.333392858505249
19 1980 17.463655471801758 34.92954635620117 0.33744925260543823 0.6000912189483643 0.2713681757450104
19 1990 18.78631591796875 37.57198715209961 0.5663526654243469 0.594472348690033 0.23932833969593048
19 2000 14.692904472351074 29.368732452392578 0.3671037554740906 0.7305843830108643 0.3207107186317444
19 2010 15.393791198730469 30.766544342041016 0.5183189511299133 0.6478585004806519 0.243048757314682
19 2020 15.218504905700684 30.45205307006836 0.5153792500495911 0.5721938610076904 0.3183366358280182
19 2030 14.85159969329834 29.705720901489258 0.4513014853000641 0.6091768145561218 0.3324985206127167
20 2040 16.09092140197754 32.181602478027344 0.406104177236557 0.6369332075119019 0.337350457906723
20 2050 15.077409744262695 30.135543823242188 0.42658713459968567 0.6698094010353088 0.2875494956970215
20 2060 17.097715377807617 34.187801361083984 0.2653122842311859 0.7110655903816223 0.3394828736782074
20 2070 17.19014549255371 34.3643913269043 0.6354880928993225 0.6101958155632019 0.2830841839313507
20 2080 18.753528594970703 37.49843978881836 0.351901113986969 0.7085492014884949 0.3291545510292053
20 2090 14.060453414916992 28.12369728088379 0.3167567849159241 0.6457898616790771 0.3884063959121704
20 2100 17.622596740722656 35.240699768066406 0.4688130021095276 0.6460008025169373 0.30114972591400146
20 2110 18.546953201293945 37.09410095214844 0.3055354356765747 0.6856998205184937 0.38960665464401245
20 2120 23.22113609313965 46.442081451416016 0.2647882401943207 0.6819319128990173 0.41852250695228577
20 2130 22.017005920410156 44.034339904785156 1.0513954162597656 0.5619372725486755 0.3156079947948456
20 2140 20.47373390197754 40.956363677978516 0.4450165033340454 0.6798907518386841 0.38411977887153625
21 2150 22.198570251464844 44.4174919128418 0.625739336013794 0.631388247013092 0.29977455735206604
21 2160 22.05891990661621 44.11405563354492 0.3811591565608978 0.6680639386177063 0.35395246744155884
21 2170 20.39032554626465 40.760337829589844 0.47464728355407715 0.6408624053001404 0.3511081039905548
21 2180 22.811294555664062 45.59512710571289 0.5184436440467834 0.6601158380508423 0.3163471221923828
21 2190 21.035795211791992 42.05849075317383 0.46420013904571533 0.6851985454559326 0.25837188959121704
21 2200 24.297758102416992 48.59336853027344 0.46234801411628723 0.624786913394928 0.30821630358695984
21 2210 22.796545028686523 45.574684143066406 0.8852377533912659 0.5500277876853943 0.2640427052974701
21 2220 22.625810623168945 45.24337387084961 0.598478376865387 0.6248775720596313 0.25994840264320374
21 2230 23.449344635009766 46.888343811035156 0.7292506098747253 0.5932374596595764 0.27897515892982483
21 2240 25.400453567504883 50.78227996826172 0.7565054893493652 0.6376256346702576 0.2798319458961487
22 2250 25.507041931152344 51.026180267333984 0.620603084564209 0.5965145826339722 0.3294394314289093
22 2260 23.42618179321289 46.813270568847656 0.7267583012580872 0.6643387675285339 0.3095403015613556
22 2270 25.9271297454834 51.81563949584961 0.4733317792415619 0.757182240486145 0.43431150913238525
22 2280 24.55390739440918 49.12311935424805 0.545947253704071 0.5836777091026306 0.34286582469940186
22 2290 27.517070770263672 55.02279281616211 0.47188448905944824 0.6141047477722168 0.3251902163028717
22 2300 31.015230178833008 62.013084411621094 0.31789034605026245 0.6788079738616943 0.35972800850868225
22 2310 26.576007843017578 53.179054260253906 0.6142264604568481 0.5640299916267395 0.33059632778167725
22 2320 26.106332778930664 52.20162582397461 0.6887365579605103 0.5566897392272949 0.300383597612381
22 2330 26.29222297668457 52.592681884765625 0.3622310161590576 0.6316402554512024 0.3753807842731476
22 2340 29.562488555908203 59.29176330566406 2.6458840370178223 0.4351145029067993 0.343799889087677
22 2350 29.968177795410156 59.95147705078125 0.572631299495697 0.5795955657958984 0.28541478514671326
23 2360 24.083511352539062 48.180850982666016 0.554197371006012 0.5837948322296143 0.33920952677726746
23 2370 24.851261138916016 49.690303802490234 0.40373945236206055 0.6114686131477356 0.33896347880363464
23 2380 25.108501434326172 50.198482513427734 0.6319531202316284 0.6234673857688904 0.3285095989704132
23 2390 22.98647117614746 45.959144592285156 0.3742920756340027 0.6900981068611145 0.3772501051425934
23 2400 26.614093780517578 53.22121810913086 0.410290002822876 0.606552004814148 0.3437615931034088
23 2410 24.656375885009766 49.30048370361328 0.4328668415546417 0.6444625854492188 0.3179115056991577
23 2420 23.325172424316406 46.664710998535156 0.6764224171638489 0.5000522136688232 0.2793302536010742
23 2430 20.53291130065918 41.06299591064453 0.5026590824127197 0.551617443561554 0.3050478398799896
23 2440 26.256128311157227 52.51959228515625 0.5457271337509155 0.6066044569015503 0.2846076190471649
23 2450 20.88014793395996 41.786903381347656 0.6867491602897644 0.5427194833755493 0.30717042088508606
23 2460 24.121267318725586 48.28034973144531 0.7094853520393372 0.526762843132019 0.33412060141563416
24 2470 21.737348556518555 43.46580123901367 0.4057971239089966 0.6180621981620789 0.3475111722946167
24 2480 22.833251953125 45.63430404663086 0.6490094661712646 0.6473684310913086 0.25196850299835205
24 2490 22.46293830871582 44.92643737792969 0.36525699496269226 0.640414834022522 0.3799999952316284
24 2500 18.86648941040039 37.70465850830078 0.640558123588562 0.6086190938949585 0.29661211371421814
24 2510 21.16604995727539 42.340789794921875 0.5116981267929077 0.6068717241287231 0.2823770046234131
24 2520 27.20350456237793 54.4052619934082 0.6800006628036499 0.6039036512374878 0.3116719722747803
24 2530 29.050920486450195 58.0433349609375 1.1501576900482178 0.5883530378341675 0.27477920055389404
24 2540 26.22879409790039 52.44891357421875 0.6383785605430603 0.5940372347831726 0.3046327233314514
24 2550 32.10085678100586 64.23728942871094 0.5857863426208496 0.5940945148468018 0.3977856934070587
24 2560 26.747819900512695 53.55366516113281 0.9958266615867615 0.565753698348999 0.34777021408081055
25 2570 27.71051788330078 55.401302337646484 0.5273542404174805 0.6330511569976807 0.3075272738933563
25 2580 24.576377868652344 49.123111724853516 0.5136903524398804 0.6379542350769043 0.333450585603714
25 2590 30.6866455078125 61.359954833984375 0.5040422677993774 0.6225793957710266 0.29517075419425964
25 2600 26.34562110900879 52.71533203125 0.6018226742744446 0.5493116974830627 0.32479315996170044
25 2610 27.427337646484375 54.86589050292969 0.6637533903121948 0.5916508436203003 0.3186401426792145
25 2620 32.04439163208008 64.09356689453125 0.41327333450317383 0.6205852627754211 0.3400796353816986
25 2630 28.706676483154297 57.42865753173828 0.46537572145462036 0.5733120441436768 0.3094673156738281
25 2640 30.484655380249023 60.9498405456543 0.7257228493690491 0.5403079986572266 0.25950297713279724
25 2650 30.671356201171875 61.2945671081543 0.8444154262542725 0.6189528703689575 0.3141252100467682
25 2660 28.3765926361084 56.73537063598633 0.7213484644889832 0.6050207018852234 0.3137465715408325
25 2670 29.461528778076172 58.941871643066406 0.5627811551094055 0.59146648645401 0.3551901578903198
26 2680 28.087974548339844 56.17937469482422 0.6674278378486633 0.5672526955604553 0.31661149859428406
26 2690 27.371734619140625 54.73619079589844 0.5267421007156372 0.6081392168998718 0.3514273166656494
26 2700 28.267398834228516 56.532962799072266 0.6176159977912903 0.6112784743309021 0.3373972475528717
26 2710 31.33454132080078 62.67469024658203 0.4914778769016266 0.6171307563781738 0.33669087290763855
26 2720 25.571125030517578 51.159549713134766 0.46415960788726807 0.6029025912284851 0.3945983052253723
26 2730 27.150548934936523 54.29960250854492 0.571524441242218 0.5939892530441284 0.31634214520454407
26 2740 26.485902786254883 52.934322357177734 0.7498313188552856 0.5645087361335754 0.24504099786281586
26 2750 27.978429794311523 55.961490631103516 0.5354804396629333 0.6326091289520264 0.34921663999557495
26 2760 30.915712356567383 61.8123893737793 0.5794620513916016 0.6349307298660278 0.29213976860046387
26 2770 30.40995979309082 60.798377990722656 0.6704245805740356 0.5853337049484253 0.29772186279296875
26 2780 29.2357177734375 58.46973419189453 0.4578906297683716 0.6562744975090027 0.36164236068725586
27 2790 26.136150360107422 52.2763786315918 0.33684641122817993 0.632478654384613 0.38729310035705566
27 2800 27.658100128173828 55.32621765136719 0.5905036926269531 0.6032394170761108 0.3523073196411133
27 2810 29.125263214111328 58.18899917602539 0.8936755657196045 0.632525622844696 0.31083351373672485
27 2820 26.508100509643555 53.03721618652344 0.5149460434913635 0.5611042380332947 0.3514668643474579
27 2830 31.596675872802734 63.19850158691406 0.32708290219306946 0.658224880695343 0.3847005069255829
27 2840 29.568130493164062 59.146549224853516 0.8263702392578125 0.554630696773529 0.2719425857067108
27 2850 26.45491600036621 52.91675567626953 0.627849817276001 0.5694169402122498 0.3368297517299652
27 2860 27.474193572998047 54.96729278564453 0.8411545753479004 0.5931392908096313 0.31714093685150146
27 2870 34.438880920410156 68.91091918945312 0.7010027766227722 0.5740421414375305 0.26039302349090576
27 2880 30.34415054321289 60.67021942138672 0.7025538682937622 0.5759876370429993 0.2893497943878174
28 2890 27.14632225036621 54.25606155395508 0.6901586055755615 0.588080644607544 0.26605868339538574
28 2900 30.567298889160156 61.14297866821289 0.5936895608901978 0.6515003442764282 0.33633607625961304
28 2910 28.431053161621094 56.813804626464844 0.753827691078186 0.6305941343307495 0.3372248113155365
28 2920 29.189647674560547 58.362098693847656 0.719835638999939 0.5827223658561707 0.29705992341041565
28 2930 30.626819610595703 61.257240295410156 0.526174008846283 0.6222689151763916 0.3837781846523285
28 2940 30.100990295410156 60.24863052368164 0.9285272359848022 0.5497890114784241 0.34076496958732605
28 2950 27.343524932861328 54.659488677978516 0.6214303970336914 0.5941917896270752 0.30861932039260864
28 2960 27.14686393737793 54.2928352355957 0.500182032585144 0.6463290452957153 0.377356618642807
28 2970 30.27350425720215 60.56667709350586 0.6411355137825012 0.5280941724777222 0.3005185127258301
28 2980 30.573030471801758 61.10904312133789 0.7147233486175537 0.6218920350074768 0.2860720157623291
28 2990 31.19068717956543 62.37488555908203 0.5695935487747192 0.5738396644592285 0.2715926170349121
29 3000 34.67977523803711 69.37100219726562 0.2452242374420166 0.6223987936973572 0.3930704891681671
29 3010 31.38825225830078 62.770503997802734 0.5233215689659119 0.5929648280143738 0.3418464660644531
29 3020 27.700626373291016 55.47701644897461 1.1809569597244263 0.5504123568534851 0.35707300901412964
29 3030 29.351106643676758 58.69562530517578 0.5453568696975708 0.6081513166427612 0.3180551826953888
29 3040 29.087936401367188 58.159427642822266 0.7397527694702148 0.5567342042922974 0.29096129536628723
29 3050 28.49288558959961 56.9495735168457 0.7348971962928772 0.6122220754623413 0.3269689679145813
29 3060 25.643434524536133 51.28136444091797 0.600558340549469 0.5716186761856079 0.3304195702075958
29 3070 30.148752212524414 60.31882095336914 0.8703685998916626 0.5300325155258179 0.2752808928489685
29 3080 32.56889724731445 65.12592315673828 0.2820853292942047 0.6901893019676208 0.4046417772769928
29 3090 29.74835777282715 59.48350143432617 0.5494029521942139 0.6089591979980469 0.3105398118495941
29 3100 27.928142547607422 55.83061218261719 0.6226828694343567 0.5870588421821594 0.30659475922584534
30 3110 29.88939094543457 59.77393341064453 0.7179614901542664 0.6276038885116577 0.30571383237838745
30 3120 28.481870651245117 56.95787048339844 0.48198455572128296 0.6078465580940247 0.2940531373023987
30 3130 30.703344345092773 61.4122200012207 0.6221153140068054 0.5867398977279663 0.299706369638443
30 3140 29.478641510009766 58.961788177490234 0.5581302642822266 0.6032615900039673 0.35780543088912964
30 3150 29.50189971923828 58.972633361816406 0.583823561668396 0.6569423675537109 0.34776657819747925
30 3160 38.395469665527344 76.75975799560547 0.6965895891189575 0.5813103318214417 0.2836854159832001
30 3170 37.16682434082031 74.3160629272461 0.4704246520996094 0.590307354927063 0.2819633483886719
30 3180 36.12798309326172 72.26683044433594 0.6933795809745789 0.5545114874839783 0.29660725593566895
30 3190 32.85243225097656 65.6985092163086 0.5744433999061584 0.6672530174255371 0.32097023725509644
30 3200 35.94742965698242 71.89435577392578 0.5142605900764465 0.6094192266464233 0.3369525074958801
30 3210 37.95342254638672 75.90552520751953 0.4321517050266266 0.6335622668266296 0.37108084559440613
31 3220 33.229000091552734 66.48094177246094 0.751909613609314 0.5591534376144409 0.322569876909256
31 3230 37.41179656982422 74.8473129272461 0.655107855796814 0.5588361620903015 0.31763747334480286
31 3240 37.53174591064453 75.0340347290039 0.8114784955978394 0.6364101767539978 0.34093526005744934
31 3250 34.08552551269531 68.1646728515625 0.5174657106399536 0.5891597270965576 0.3201184868812561
31 3260 41.00298309326172 81.99659729003906 0.5569468140602112 0.6260650157928467 0.3410106599330902
31 3270 37.33171844482422 74.6136474609375 0.8887792825698853 0.6146818995475769 0.2922516167163849
31 3280 40.36534118652344 80.69757080078125 0.781858503818512 0.5546485781669617 0.2786156237125397
31 3290 40.66364669799805 81.34973907470703 0.8064018487930298 0.5714285969734192 0.3659554421901703
31 3300 38.96456527709961 77.92467498779297 0.6145439147949219 0.5984336137771606 0.315799355506897
31 3310 41.098838806152344 82.18431091308594 0.6819009780883789 0.6374900937080383 0.34167730808258057
32 3320 36.9265251159668 73.82432556152344 0.803370475769043 0.5396736860275269 0.2723478674888611
32 3330 39.645790100097656 79.28015899658203 0.5464427471160889 0.5831284523010254 0.31577634811401367
32 3340 41.34721755981445 82.7011489868164 0.4753497242927551 0.6196944117546082 0.3679847717285156
32 3350 39.62893295288086 79.2668228149414 0.45821133255958557 0.5609264969825745 0.3503144681453705
32 3360 41.44103240966797 82.87371826171875 0.691476583480835 0.5994253158569336 0.3123689591884613
32 3370 38.15583419799805 76.30506134033203 0.4961516857147217 0.586784303188324 0.34406670928001404
32 3380 40.460205078125 80.91307830810547 0.8235493302345276 0.5836954116821289 0.30844083428382874
32 3390 41.21535110473633 82.42453002929688 0.6815764307975769 0.5948275923728943 0.334617018699646
32 3400 40.80223083496094 81.56853485107422 0.5407159924507141 0.6707525849342346 0.32044124603271484
32 3410 40.59833526611328 81.16841888427734 0.6376986503601074 0.616204023361206 0.33080950379371643
32 3420 42.551883697509766 84.99614715576172 4.057175636291504 0.47446367144584656 0.3776162266731262
33 3430 40.022117614746094 80.12158966064453 1.507847547531128 0.506051242351532 0.31789249181747437
33 3440 35.9118766784668 71.83528137207031 0.6344121694564819 0.634096086025238 0.3672630786895752
33 3450 42.6608772277832 85.33016204833984 0.604126513004303 0.6020734906196594 0.32826268672943115
33 3460 38.098392486572266 76.20179748535156 0.6732766628265381 0.5826165676116943 0.29805466532707214
33 3470 39.473716735839844 78.94137573242188 0.7771283388137817 0.575019359588623 0.31470900774002075
33 3480 42.04750061035156 84.09192657470703 0.5978049039840698 0.5716041922569275 0.33147990703582764
33 3490 39.07514953613281 78.15133666992188 0.464840829372406 0.6203840374946594 0.3802195191383362
33 3500 43.82229232788086 87.62516784667969 0.9416692852973938 0.5921828746795654 0.34224826097488403
33 3510 43.31932830810547 86.60729217529297 0.9935402274131775 0.5966386795043945 0.34671729803085327
33 3520 42.72872543334961 85.43162536621094 0.8721196055412292 0.6112890243530273 0.29727450013160706
33 3530 42.16874313354492 84.31842803955078 0.7724423408508301 0.5593904256820679 0.299496054649353
34 3540 44.10689163208008 88.20310974121094 0.5267942547798157 0.5908367037773132 0.31130582094192505
34 3550 42.25474166870117 84.50497436523438 0.6467105150222778 0.5181676745414734 0.262066513299942
34 3560 42.741519927978516 85.53377532958984 1.0776007175445557 0.5253661870956421 0.3330463767051697
34 3570 40.708003997802734 81.38986206054688 0.7727646827697754 0.6508169770240784 0.3126373589038849
34 3580 43.643070220947266 87.24462127685547 0.8768001198768616 0.5909337401390076 0.3031611144542694
34 3590 43.8044548034668 87.6104965209961 0.6998839974403381 0.5828493237495422 0.3182835876941681
34 3600 43.520606994628906 87.0427474975586 0.710439145565033 0.5319663882255554 0.29917076230049133
34 3610 41.329227447509766 82.65362548828125 0.6218133568763733 0.6309561729431152 0.362617164850235
34 3620 43.04243087768555 86.07718658447266 0.6022011637687683 0.5866252183914185 0.32438939809799194
34 3630 43.5407829284668 87.05607604980469 0.6794155240058899 0.6007285118103027 0.32953953742980957
35 3640 40.968021392822266 81.90298461914062 0.741492748260498 0.6103593111038208 0.3388308584690094
35 3650 44.39811706542969 88.82080078125 0.5461245775222778 0.5544478297233582 0.3560523986816406
35 3660 45.51853942871094 91.03599548339844 0.5546706318855286 0.6044684052467346 0.3458825647830963
35 3670 42.53236770629883 85.03306579589844 0.9066616296768188 0.6129981875419617 0.3212103247642517
35 3680 41.444725036621094 82.85295104980469 0.7418254017829895 0.5743341445922852 0.2718728482723236
35 3690 43.03224182128906 86.04875946044922 0.8030540943145752 0.5694327354431152 0.2966309189796448
35 3700 42.87102508544922 85.74791717529297 0.5283516049385071 0.6061388850212097 0.37058714032173157
35 3710 45.62241744995117 91.24360656738281 0.45052820444107056 0.6352450251579285 0.3305133283138275
35 3720 43.9909553527832 87.97818756103516 0.8813253045082092 0.5322017669677734 0.2584550082683563
35 3730 45.56865692138672 91.13870239257812 0.4347517490386963 0.6459008455276489 0.3561907410621643
35 3740 43.82807922363281 87.63453674316406 0.7846578359603882 0.6018475890159607 0.3154390752315521
36 3750 42.98291015625 85.91446685791016 1.1784589290618896 0.5497812032699585 0.2603065073490143
36 3760 41.411460876464844 82.8090591430664 0.5763846039772034 0.6197435259819031 0.3842865824699402
36 3770 45.26731872558594 90.54533386230469 0.4052223265171051 0.5963614583015442 0.35818925499916077
36 3780 44.81840133666992 89.66961669921875 1.0557935237884521 0.5176949501037598 0.28248363733291626
36 3790 41.20113754272461 82.40279388427734 0.6725114583969116 0.5494707226753235 0.3212706744670868
36 3800 41.427120208740234 82.84715270996094 0.5489618182182312 0.6234362721443176 0.3232879042625427
36 3810 46.08035659790039 92.17259216308594 0.6504861116409302 0.5795145034790039 0.3298787474632263
36 3820 40.58148193359375 81.14201354980469 0.7671240568161011 0.563606858253479 0.29744577407836914
36 3830 44.66545104980469 89.35160064697266 0.8694115281105042 0.5804121494293213 0.32039403915405273
36 3840 45.05534744262695 90.0952377319336 0.713269054889679 0.5748429298400879 0.2992534637451172
36 3850 43.49930191040039 86.99329376220703 0.456771582365036 0.677715539932251 0.42357224225997925
37 3860 43.36515808105469 86.7237319946289 0.7811045050621033 0.5580145716667175 0.3144299387931824
37 3870 42.88067626953125 85.77973937988281 0.5704168081283569 0.5962675213813782 0.39444443583488464
37 3880 43.68536376953125 87.36531829833984 0.5345851182937622 0.6392821669578552 0.33539071679115295
37 3890 41.31173324584961 82.64234924316406 0.8156944513320923 0.544466495513916 0.3019442558288574
37 3900 43.06449890136719 86.10486602783203 0.6563736200332642 0.5725506544113159 0.3377499580383301
37 3910 44.38109588623047 88.75787353515625 0.5403289198875427 0.5716938376426697 0.3184325397014618
37 3920 45.92724609375 91.86856842041016 0.9813788533210754 0.5679984092712402 0.3350592255592346
37 3930 46.16083908081055 92.3072280883789 0.521577000617981 0.6255361437797546 0.36754870414733887
37 3940 43.66828536987305 87.30036926269531 0.7872864007949829 0.5866609811782837 0.3128681480884552
37 3950 42.126686096191406 84.23406219482422 0.49012109637260437 0.6503032445907593 0.39157727360725403
38 3960 42.435035705566406 84.86878967285156 0.6947952508926392 0.5767873525619507 0.3172309696674347
38 3970 45.56025314331055 91.09477996826172 0.8196401000022888 0.6281338930130005 0.3267536163330078
38 3980 44.034549713134766 88.072021484375 0.6920042037963867 0.5786026120185852 0.34977424144744873
38 3990 44.58979415893555 89.18521881103516 0.9347564578056335 0.5196403861045837 0.28215840458869934
38 4000 43.9536247253418 87.92013549804688 0.5908241868019104 0.6242632865905762 0.38422006368637085
38 4010 44.7005729675293 89.3994369506836 0.5682964324951172 0.6094420552253723 0.3338034749031067
38 4020 42.996742248535156 85.97035217285156 0.7802649736404419 0.6429506540298462 0.3396605849266052
38 4030 43.27405548095703 86.51814270019531 0.841606616973877 0.6384076476097107 0.33912020921707153
38 4040 43.24028396606445 86.4719009399414 0.4041678011417389 0.6333034038543701 0.38779717683792114
38 4050 45.235599517822266 90.48435974121094 0.5215709209442139 0.5678902864456177 0.32539281249046326
38 4060 45.075653076171875 90.157470703125 0.5698447823524475 0.5546332597732544 0.2733116149902344
39 4070 45.57258605957031 91.16185760498047 0.6733177900314331 0.5833857655525208 0.35940679907798767
39 4080 46.11167526245117 92.23857879638672 0.7818582653999329 0.5844764113426208 0.33691179752349854
39 4090 45.60625076293945 91.22852325439453 0.8334000110626221 0.5897569060325623 0.35673847794532776
39 4100 47.32233810424805 94.64389038085938 0.8469910621643066 0.5049991607666016 0.24831531941890717
39 4110 45.19636535644531 90.40234375 0.824277400970459 0.5306441783905029 0.2836369574069977
39 4120 44.07596206665039 88.13139343261719 0.5048984885215759 0.663688063621521 0.3486982583999634
39 4130 44.417049407958984 88.83092498779297 0.36442679166793823 0.63718181848526 0.361224502325058
39 4140 45.484779357910156 90.96256256103516 0.744236946105957 0.593137264251709 0.3244425654411316
39 4150 44.679229736328125 89.35527801513672 0.674604058265686 0.6443341374397278 0.32377389073371887
39 4160 44.14677810668945 88.29100036621094 0.6383004784584045 0.5597516894340515 0.2927885353565216
39 4170 41.09600830078125 82.17035675048828 1.0306047201156616 0.5893599390983582 0.3017204701900482
40 4180 43.97846984863281 87.96031188964844 0.5827856659889221 0.630512535572052 0.3843778371810913
40 4190 46.06847381591797 92.11974334716797 0.9356105327606201 0.566641092300415 0.2674636244773865
40 4200 44.1198844909668 88.23087310791016 0.5285863876342773 0.6112512946128845 0.3546942174434662
40 4210 45.810791015625 91.62691497802734 0.5848767757415771 0.6146115660667419 0.34322109818458557
40 4220 46.646514892578125 93.28215789794922 0.5818798542022705 0.6188867688179016 0.3431757390499115
40 4230 44.104888916015625 88.20857238769531 0.8523964285850525 0.5572717189788818 0.29934850335121155
40 4240 43.32985305786133 86.64060974121094 0.548080563545227 0.605424165725708 0.3384247124195099
40 4250 47.911006927490234 95.82823181152344 0.7742310762405396 0.5075017809867859 0.2588863670825958
40 4260 44.930511474609375 89.86003112792969 0.30343472957611084 0.6373456716537476 0.3095951974391937
40 4270 46.68241500854492 93.35921478271484 0.6579588651657104 0.585837185382843 0.34542128443717957
40 4280 45.74393844604492 91.49903106689453 0.9317418932914734 0.5737312436103821 0.3383084535598755
41 4290 45.29335021972656 90.5697250366211 0.7439333200454712 0.6253753900527954 0.3473438322544098
41 4300 47.052555084228516 94.1028823852539 0.5646213293075562 0.6315649747848511 0.35097289085388184
41 4310 43.10228729248047 86.18558502197266 0.8483545780181885 0.5560148358345032 0.2964736223220825
41 4320 48.04938888549805 96.10100555419922 0.7312330603599548 0.5537588000297546 0.347724974155426
41 4330 46.645843505859375 93.29136657714844 0.57275390625 0.5923938155174255 0.3628252148628235
41 4340 47.37332534790039 94.71647644042969 1.405409336090088 0.5668081045150757 0.3026517331600189
41 4350 46.96016311645508 93.90987396240234 0.6601851582527161 0.6664037704467773 0.35452064871788025
41 4360 48.73845291137695 97.47615051269531 1.0236984491348267 0.5444444417953491 0.28219136595726013
41 4370 48.69709014892578 97.3852767944336 1.0506036281585693 0.5710221529006958 0.29129737615585327
41 4380 48.03121566772461 96.06127166748047 0.6815496683120728 0.6305693984031677 0.3684210479259491
42 4390 45.94087219238281 91.88249969482422 0.7798815965652466 0.5288779735565186 0.30026453733444214
42 4400 44.91598892211914 89.8367919921875 0.3703588843345642 0.6556559801101685 0.4516960084438324
42 4410 48.228641510009766 96.45697784423828 0.8256609439849854 0.5351426601409912 0.3250996470451355
42 4420 47.858760833740234 95.71696472167969 0.6950795650482178 0.6101641654968262 0.35759875178337097
42 4430 47.82731628417969 95.66472625732422 0.7634836435317993 0.5555803775787354 0.3425261974334717
42 4440 47.3771858215332 94.7425537109375 0.9274328947067261 0.5637401938438416 0.32019785046577454
42 4450 47.76939010620117 95.5439224243164 1.066460132598877 0.5197083950042725 0.2949922978878021
42 4460 47.21577453613281 94.42034912109375 0.8148142695426941 0.6071228981018066 0.326579749584198
42 4470 48.91201400756836 97.81597137451172 1.415637731552124 0.5138189792633057 0.3547075688838959
42 4480 49.33039093017578 98.66160583496094 1.2323424816131592 0.5022408366203308 0.2550465166568756
42 4490 46.73445510864258 93.47045135498047 0.8192665576934814 0.537808358669281 0.3317328691482544
43 4500 46.911460876464844 93.82695770263672 0.8624946475028992 0.5462371110916138 0.3553066849708557
43 4510 49.28708267211914 98.56214904785156 0.931382417678833 0.6121091246604919 0.3241148591041565
43 4520 48.215721130371094 96.42243194580078 0.8997335433959961 0.5637328028678894 0.30441489815711975
43 4530 47.616371154785156 95.23161315917969 0.753790020942688 0.5604599118232727 0.3370009660720825
43 4540 48.377681732177734 96.74847412109375 0.9050465226173401 0.61971515417099 0.3756595551967621
43 4550 47.69339370727539 95.3719482421875 2.843573570251465 0.46869128942489624 0.30459848046302795
43 4560 48.440696716308594 96.88241577148438 1.3425495624542236 0.5395561456680298 0.3541260063648224
43 4570 48.81969451904297 97.64311981201172 1.0100350379943848 0.5397170782089233 0.350220650434494
43 4580 48.84779739379883 97.69831848144531 0.9844658374786377 0.588017463684082 0.3544934093952179
43 4590 47.98158264160156 95.95182800292969 1.2146601676940918 0.62331223487854 0.3323293924331665
43 4600 47.60178756713867 95.21041870117188 1.0104690790176392 0.552797257900238 0.37513354420661926
44 4610 48.14087677001953 96.28055572509766 0.9066900610923767 0.5704563856124878 0.3392171859741211
44 4620 48.24103546142578 96.4800033569336 0.6036201119422913 0.5879993438720703 0.38668495416641235
44 4630 46.58980941772461 93.17493438720703 0.9174200296401978 0.6099505424499512 0.32981568574905396
44 4640 49.00371551513672 98.0090103149414 1.2120108604431152 0.5456420183181763 0.36377450823783875
44 4650 45.42189407348633 90.8449478149414 0.926140546798706 0.5406652688980103 0.34795519709587097
44 4660 46.29337692260742 92.58989715576172 0.9343134760856628 0.5000603795051575 0.29469114542007446
44 4670 48.92170333862305 97.84884643554688 1.5052704811096191 0.49776938557624817 0.29801222681999207
44 4680 45.715938568115234 91.4269027709961 0.5805390477180481 0.5518081784248352 0.348562628030777
44 4690 49.03517532348633 98.07495880126953 0.7720620632171631 0.5524525046348572 0.3274514675140381
44 4700 48.449440002441406 96.90479278564453 0.908316969871521 0.5617834329605103 0.35703244805336
45 4710 48.96924591064453 97.9506607055664 1.6412522792816162 0.5321552157402039 0.4024699628353119
45 4720 48.22693634033203 96.44651794433594 1.2581696510314941 0.5761004686355591 0.33315321803092957
45 4730 45.0323486328125 90.06588745117188 0.861323356628418 0.5525087714195251 0.34729352593421936
45 4740 49.08103561401367 98.1631851196289 0.8406816720962524 0.5746250748634338 0.34287336468696594
45 4750 48.50187683105469 97.00988006591797 1.1965413093566895 0.5415491461753845 0.3520102798938751
45 4760 44.573055267333984 89.14732360839844 0.7780624628067017 0.5823275446891785 0.38415414094924927
45 4770 49.110321044921875 98.21912384033203 1.277309536933899 0.5046685934066772 0.26573482155799866
45 4780 45.08824920654297 90.1822280883789 0.8356435298919678 0.518884003162384 0.34073135256767273
45 4790 49.178855895996094 98.36515045166016 1.0503919124603271 0.5281010270118713 0.37615731358528137
45 4800 49.28389358520508 98.56602478027344 1.0583834648132324 0.527063250541687 0.3155783712863922
45 4810 47.918094635009766 95.83706665039062 0.8994839191436768 0.56892329454422 0.38432055711746216
46 4820 48.32570266723633 96.63903045654297 1.721845269203186 0.655197262763977 0.3577963709831238
46 4830 48.864898681640625 97.72126770019531 1.8869000673294067 0.5955495834350586 0.3162144422531128
46 4840 48.07386779785156 96.14606475830078 0.7437317371368408 0.6254383325576782 0.3894675076007843
46 4850 47.305320739746094 94.60739135742188 0.7486176490783691 0.5699090361595154 0.38915789127349854
46 4860 46.799983978271484 93.59559631347656 0.8846207857131958 0.571743905544281 0.3838616609573364
46 4870 48.09958267211914 96.19241333007812 0.929901123046875 0.5896034836769104 0.3729099631309509
46 4880 49.09892654418945 98.20354461669922 1.5695416927337646 0.5496566295623779 0.3994296193122864
46 4890 48.862586975097656 97.72944641113281 1.3831803798675537 0.5220650434494019 0.31676965951919556
46 4900 47.4842529296875 94.96007537841797 0.6443271636962891 0.5595667958259583 0.3584505617618561
46 4910 48.686851501464844 97.36675262451172 1.441182017326355 0.5481410622596741 0.3542822003364563
46 4920 49.11106872558594 98.2237777709961 0.9812809228897095 0.51189786195755 0.3440206050872803
47 4930 48.030277252197266 96.05559539794922 1.2089418172836304 0.5511136651039124 0.28344836831092834
47 4940 49.426334381103516 98.852294921875 0.8772379159927368 0.5122368335723877 0.3105078935623169
47 4950 48.93828201293945 97.87881469726562 1.3048464059829712 0.53184574842453 0.36463290452957153
47 4960 49.50246810913086 99.0049819946289 1.2764320373535156 0.5018839240074158 0.2934437692165375
47 4970 48.01995849609375 96.03047943115234 1.3810187578201294 0.5886316895484924 0.3023553192615509
47 4980 48.77981185913086 97.55399322509766 0.8364394307136536 0.5546319484710693 0.339728444814682
47 4990 48.753719329833984 97.50799560546875 0.9425143003463745 0.5226098299026489 0.3275303542613983
47 5000 49.32136535644531 98.63407135009766 0.9557341933250427 0.5609846711158752 0.341774046421051
47 5010 48.57792663574219 97.15006256103516 1.597156286239624 0.5161730647087097 0.2965666949748993
47 5020 48.77973175048828 97.56468200683594 0.6211681365966797 0.604073703289032 0.42018622159957886
48 5030 48.99590301513672 97.98834991455078 0.9733225107192993 0.5934405326843262 0.3949681222438812
48 5040 49.69931411743164 99.39923095703125 0.9415251612663269 0.570286214351654 0.38484397530555725
48 5050 48.43627166748047 96.8587646484375 1.0594077110290527 0.6219528913497925 0.35518255829811096
48 5060 49.55448913574219 99.10919189453125 0.6201913952827454 0.6046443581581116 0.3868074417114258
48 5070 48.909576416015625 97.8195571899414 0.8600140810012817 0.5561935901641846 0.352390855550766
48 5080 49.29528045654297 98.59043884277344 1.1210055351257324 0.5420051217079163 0.3319060504436493
48 5090 45.927024841308594 91.86260986328125 0.9777332544326782 0.5883884429931641 0.3996816575527191
48 5100 47.66238784790039 95.3273696899414 1.4833521842956543 0.5263723134994507 0.33318907022476196
48 5110 49.38919448852539 98.77456665039062 0.7726039886474609 0.5503212213516235 0.3796159625053406
48 5120 49.10892105102539 98.21669006347656 0.9302495718002319 0.5415182709693909 0.37081247568130493
48 5130 48.913578033447266 97.82740020751953 0.6468274593353271 0.5980563759803772 0.3874826729297638
49 5140 48.68083572387695 97.36116790771484 1.1368088722229004 0.48819687962532043 0.2964921295642853
49 5150 48.03534698486328 96.07661437988281 0.974259078502655 0.549615740776062 0.3704676926136017
49 5160 47.50858688354492 95.02986145019531 1.1072956323623657 0.5562440156936646 0.4004804491996765
49 5170 49.092262268066406 98.18106079101562 0.8157179355621338 0.6541434526443481 0.41565969586372375
49 5180 48.87337112426758 97.75028991699219 0.9252029657363892 0.5462260246276855 0.3722723722457886
49 5190 48.567161560058594 97.11172485351562 1.9372727870941162 0.5583721995353699 0.3259023427963257
49 5200 49.431190490722656 98.86891174316406 1.089500069618225 0.5312374830245972 0.3730577230453491
49 5210 47.892791748046875 95.78697967529297 1.0040401220321655 0.5640812516212463 0.3583339750766754
49 5220 49.6150016784668 99.22830200195312 1.1977875232696533 0.5828146934509277 0.3405422568321228
49 5230 49.222145080566406 98.44202423095703 0.9618161916732788 0.5413299202919006 0.34291356801986694
49 5240 48.50993347167969 97.01702117919922 0.7401891946792603 0.5887739658355713 0.3836463987827301
50 5250 46.94554901123047 93.89027404785156 0.8386133909225464 0.6206303834915161 0.3560938239097595
50 5260 49.40079879760742 98.80142974853516 1.415687084197998 0.4866926968097687 0.3186940848827362
50 5270 48.5695686340332 97.13424682617188 0.8717572093009949 0.5449461936950684 0.31537216901779175
50 5280 49.560096740722656 99.11724090576172 2.2294631004333496 0.5246158242225647 0.3579680919647217
50 5290 47.39860534667969 94.79452514648438 1.2978339195251465 0.5485236644744873 0.310514360666275
50 5300 49.38100814819336 98.74561309814453 1.2945926189422607 0.5754573941230774 0.3472521901130676
50 5310 49.4611930847168 98.92344665527344 1.2938687801361084 0.5417506098747253 0.33113962411880493
50 5320 49.327945709228516 98.65782165527344 1.3653340339660645 0.553505539894104 0.37570443749427795
50 5330 48.65303039550781 97.30769348144531 0.8701871633529663 0.5435086488723755 0.3376319706439972
50 5340 48.47956466674805 96.96345520019531 1.271243691444397 0.5476105213165283 0.38464757800102234
50 5350 46.848506927490234 93.70269012451172 1.319429636001587 0.5573127269744873 0.305588960647583
51 5360 48.96558380126953 97.93382263183594 0.6809502840042114 0.5742453336715698 0.41276809573173523
51 5370 47.56904220581055 95.14356994628906 1.267117977142334 0.5444735288619995 0.388125479221344
51 5380 47.76009750366211 95.51390838623047 0.8315377831459045 0.5466964244842529 0.33192282915115356
51 5390 47.981353759765625 95.95832061767578 0.8736881017684937 0.5650123953819275 0.3673173189163208
51 5400 46.7908935546875 93.57783508300781 0.8136404156684875 0.544518768787384 0.3477117717266083
51 5410 48.9464111328125 97.88938903808594 1.1082234382629395 0.6139510869979858 0.34800469875335693
51 5420 48.92658996582031 97.8536148071289 0.6303979158401489 0.5929569602012634 0.4039825201034546
51 5430 46.04612350463867 92.09517669677734 0.8914026618003845 0.5636014342308044 0.3816860020160675
51 5440 47.5111198425293 95.02681732177734 1.0124597549438477 0.5287067890167236 0.3143590986728668
51 5450 46.5564079284668 93.11156463623047 0.7671369314193726 0.5749791860580444 0.36128073930740356
52 5460 49.41471481323242 98.82349395751953 1.080703854560852 0.6125706434249878 0.32807907462120056
52 5470 49.42426300048828 98.85040283203125 1.4741195440292358 0.5227842926979065 0.32853859663009644
52 5480 46.93977355957031 93.87128448486328 0.9736148118972778 0.5201048851013184 0.2873404622077942
52 5490 49.53610610961914 99.06832122802734 0.9691504240036011 0.5757763981819153 0.3580187261104584
52 5500 49.10198211669922 98.20653533935547 1.0842734575271606 0.5349752306938171 0.3754538297653198
52 5510 49.394920349121094 98.7843246459961 0.4378417134284973 0.6584992408752441 0.40816327929496765
52 5520 49.31161880493164 98.61691284179688 1.2576943635940552 0.5921717286109924 0.31917789578437805
52 5530 48.81598663330078 97.6366958618164 0.9472163915634155 0.5533066987991333 0.39531567692756653
52 5540 48.53791046142578 97.07029724121094 0.6529844999313354 0.6652040481567383 0.40939778089523315
52 5550 47.98381042480469 95.96501159667969 0.9748679399490356 0.5655508041381836 0.3232468068599701
52 5560 49.43528747558594 98.86363220214844 1.6545742750167847 0.5477475523948669 0.28575798869132996
53 5570 48.74840545654297 97.48359680175781 1.303458333015442 0.6031038761138916 0.30538371205329895
53 5580 49.206459045410156 98.41570281982422 0.9366536140441895 0.5511459708213806 0.33843061327934265
53 5590 49.83851623535156 99.68263244628906 0.9342756867408752 0.5416728258132935 0.362708181142807
53 5600 49.132362365722656 98.2684555053711 1.0576969385147095 0.5370883941650391 0.3329930603504181
53 5610 46.876216888427734 93.75370025634766 0.5977886915206909 0.5241571068763733 0.31390509009361267
53 5620 49.56302261352539 99.12686157226562 0.9065893292427063 0.5677919387817383 0.3947165906429291
53 5630 49.194828033447266 98.39010620117188 0.8277077674865723 0.5506546497344971 0.35883629322052
53 5640 49.69221496582031 99.38243103027344 1.100699782371521 0.5556712746620178 0.3141006827354431
53 5650 49.11873245239258 98.2380142211914 0.5799401998519897 0.5529961585998535 0.34998470544815063
53 5660 48.66853332519531 97.33087158203125 0.9322894215583801 0.5704869627952576 0.36753708124160767
53 5670 49.68990707397461 99.37977600097656 0.7065078616142273 0.6030556559562683 0.3825722336769104
54 5680 49.586334228515625 99.17210388183594 0.9075785875320435 0.5703372955322266 0.3478603661060333
54 5690 49.10165786743164 98.20086669921875 0.6778570413589478 0.6206631660461426 0.39237189292907715
54 5700 48.07281494140625 96.15039825439453 0.8710929751396179 0.5246879458427429 0.33695554733276367
54 5710 48.41830062866211 96.83267974853516 1.5907468795776367 0.590213418006897 0.3251878619194031
54 5720 49.036190032958984 98.0782699584961 0.9835931062698364 0.537323534488678 0.3322857618331909
54 5730 48.34465408325195 96.68206787109375 1.1488126516342163 0.5279746055603027 0.30701106786727905
54 5740 48.59394073486328 97.18204498291016 0.9093011617660522 0.5492632389068604 0.3209947943687439
54 5750 49.17929458618164 98.35490417480469 0.9772592782974243 0.5858147144317627 0.3306882083415985
54 5760 45.54701614379883 91.09510803222656 0.9020724892616272 0.5492889881134033 0.33772969245910645
54 5770 48.33314895629883 96.66970825195312 0.7517797946929932 0.5325924754142761 0.3279646039009094
55 5780 48.954742431640625 97.90861511230469 0.7288878560066223 0.6039037108421326 0.3490523397922516
55 5790 49.58834457397461 99.17840576171875 0.9657898545265198 0.5679391622543335 0.31810706853866577
55 5800 45.82879638671875 91.65227508544922 1.19260835647583 0.5408323407173157 0.3067943751811981
55 5810 47.80096435546875 95.599853515625 0.7322044372558594 0.5933351516723633 0.33906176686286926
55 5820 47.941375732421875 95.8743896484375 0.7385455965995789 0.5432116985321045 0.3116849660873413
55 5830 49.1757926940918 98.34986114501953 0.7660384178161621 0.5735248923301697 0.33483633399009705
55 5840 48.17756652832031 96.34149169921875 1.2056002616882324 0.5874652862548828 0.33613255620002747
55 5850 49.362266540527344 98.72171783447266 0.9229329228401184 0.5766803026199341 0.3502824902534485
55 5860 47.66057586669922 95.32823944091797 0.9456264972686768 0.5626582503318787 0.3558562099933624
55 5870 49.292327880859375 98.58814239501953 0.9116172194480896 0.5425117611885071 0.31392818689346313
55 5880 48.45817947387695 96.91769409179688 0.896377682685852 0.5568923950195312 0.3415319621562958
56 5890 48.50813674926758 97.03060150146484 1.041122555732727 0.5166386365890503 0.31923988461494446
56 5900 44.0172233581543 88.02581787109375 0.602844774723053 0.5674411058425903 0.3355916142463684
56 5910 47.45060348510742 94.911376953125 0.6295527219772339 0.5992401242256165 0.3657699525356293
56 5920 49.12986755371094 98.25787353515625 0.646277129650116 0.5830363631248474 0.33889177441596985
56 5930 47.96160888671875 95.9104995727539 0.6304424405097961 0.5974717140197754 0.35487058758735657
56 5940 48.311302185058594 96.6165542602539 0.9144066572189331 0.5831552743911743 0.32625359296798706
56 5950 49.360313415527344 98.72225952148438 0.7614935636520386 0.5560475587844849 0.3345485031604767
56 5960 48.39451599121094 96.78245544433594 0.7061814665794373 0.5842304229736328 0.32805097103118896
56 5970 49.144989013671875 98.28591918945312 0.9001628160476685 0.5723257064819336 0.3263893127441406
56 5980 48.82777786254883 97.6524658203125 0.8977708220481873 0.5731719136238098 0.3437053859233856
56 5990 49.108158111572266 98.21491241455078 0.6742531061172485 0.5898392796516418 0.3504732549190521
57 6000 45.808143615722656 91.60330200195312 0.8159210681915283 0.612533688545227 0.3447099030017853
57 6010 48.85586929321289 97.71343231201172 0.7661025524139404 0.5630613565444946 0.33115094900131226
57 6020 45.10186004638672 90.20245361328125 0.7356566190719604 0.5896836519241333 0.3450351059436798
57 6030 47.936729431152344 95.86725616455078 0.6984102725982666 0.6062222123146057 0.34807756543159485
57 6040 49.49201583862305 98.98352813720703 0.6777188181877136 0.5983439683914185 0.3645988404750824
57 6050 48.38605880737305 96.76253509521484 0.898956298828125 0.6045469641685486 0.3657826781272888
57 6060 47.93346405029297 95.86366271972656 0.7146874070167542 0.6082283854484558 0.3475007116794586
57 6070 48.66008377075195 97.32233428955078 0.5347568988800049 0.6091954112052917 0.38994088768959045
57 6080 49.317779541015625 98.63519287109375 1.106141209602356 0.5319349765777588 0.31380635499954224
57 6090 48.22074508666992 96.43672943115234 0.7085486650466919 0.5819067358970642 0.3343560993671417
58 6100 48.557952880859375 97.11749267578125 0.8701728582382202 0.53864985704422 0.3164547383785248
58 6110 47.59801483154297 95.188232421875 0.8498215675354004 0.5981255173683167 0.32742536067962646
58 6120 48.95128631591797 97.9010238647461 0.851043701171875 0.5279659628868103 0.26296982169151306
58 6130 47.22128677368164 94.45967102050781 1.086247444152832 0.5519623160362244 0.3739601969718933
58 6140 49.06418228149414 98.12740325927734 0.6502367258071899 0.6007871031761169 0.35371750593185425
58 6150 49.05252456665039 98.10465240478516 0.6474941968917847 0.5723538994789124 0.3214551508426666
58 6160 49.126869201660156 98.25189208984375 0.7261457443237305 0.5983823537826538 0.35011422634124756
58 6170 49.3229866027832 98.64424133300781 0.9182262420654297 0.615524411201477 0.31174808740615845
58 6180 47.79494094848633 95.59221649169922 0.5930022597312927 0.5720585584640503 0.3573947548866272
58 6190 48.91817855834961 97.84381866455078 1.6267441511154175 0.4871756434440613 0.28467506170272827
58 6200 47.41767501831055 94.83573150634766 0.5870289206504822 0.6092204451560974 0.37724488973617554
59 6210 49.00996780395508 98.02041625976562 0.570070207118988 0.588412344455719 0.3536461293697357
59 6220 48.844974517822266 97.68911743164062 1.0548912286758423 0.5359049439430237 0.286152184009552
59 6230 44.67359924316406 89.34815979003906 0.5415617823600769 0.5750707983970642 0.36535000801086426
59 6240 49.35737228393555 98.71170043945312 0.5708807110786438 0.6173611283302307 0.3701596260070801
59 6250 48.49220275878906 96.98062896728516 0.7179660797119141 0.6017611026763916 0.34563326835632324
59 6260 49.198768615722656 98.39691162109375 0.8356434106826782 0.563963770866394 0.32200077176094055
59 6270 48.408897399902344 96.82701873779297 0.7852597236633301 0.5816395878791809 0.36901775002479553
59 6280 48.5883903503418 97.18147277832031 0.7529562711715698 0.5639994144439697 0.35154011845588684
59 6290 48.879249572753906 97.75193786621094 1.275293231010437 0.6151615381240845 0.2993147075176239
59 6300 46.43909454345703 92.87618255615234 0.40270641446113586 0.6415534615516663 0.41484835743904114
59 6310 48.233394622802734 96.46944427490234 0.9259176254272461 0.5104756951332092 0.3030642867088318
60 6320 48.40824508666992 96.82231903076172 0.6917638778686523 0.5823683142662048 0.3590511381626129
60 6330 47.725494384765625 95.4492416381836 0.7754466533660889 0.5957915186882019 0.34689080715179443
60 6340 48.434059143066406 96.87042236328125 1.0065191984176636 0.5263634324073792 0.2905142605304718
60 6350 47.92738723754883 95.8337173461914 0.8898576498031616 0.5889072418212891 0.32719069719314575
60 6360 46.481964111328125 92.96009063720703 0.4304857552051544 0.6032465100288391 0.37840399146080017
60 6370 48.64581298828125 97.29325103759766 0.8996315002441406 0.5499906539916992 0.31633642315864563
60 6380 49.05529022216797 98.11044311523438 0.782460629940033 0.6264127492904663 0.3873148560523987
60 6390 47.491539001464844 94.98291015625 0.691258430480957 0.5680481195449829 0.3414771258831024
60 6400 47.957759857177734 95.90602111816406 0.6798272132873535 0.5994558930397034 0.3584274649620056
60 6410 49.524417877197266 99.05152893066406 0.6396359801292419 0.5857086181640625 0.3374837636947632
60 6420 49.171329498291016 98.33938598632812 0.5430987477302551 0.595800518989563 0.35496482253074646
61 6430 47.45904541015625 94.91883850097656 0.4523090124130249 0.6425073742866516 0.39117470383644104
61 6440 49.5590705871582 99.12059020996094 0.9240478277206421 0.6050039529800415 0.36524736881256104
61 6450 48.7598876953125 97.53361511230469 0.9189612865447998 0.5752657651901245 0.3664894700050354
61 6460 48.16371536254883 96.33234405517578 0.7272663116455078 0.5628532767295837 0.3511334955692291
61 6470 48.061668395996094 96.12200164794922 0.8421111106872559 0.5160130858421326 0.2983561158180237
61 6480 49.08134841918945 98.16569519042969 0.724793553352356 0.5658256411552429 0.3621971607208252
61 6490 48.915916442871094 97.83706665039062 0.6247447729110718 0.6097455024719238 0.3703671097755432
61 6500 44.313934326171875 88.62642669677734 0.5208086371421814 0.6198908090591431 0.39004582166671753
61 6510 47.0521240234375 94.09843444824219 0.514794111251831 0.5524573922157288 0.3228604793548584
61 6520 49.22116470336914 98.4406967163086 1.0968469381332397 0.5549551248550415 0.25336754322052
62 6530 49.14134979248047 98.27906799316406 0.7050495743751526 0.5658006072044373 0.333404541015625
62 6540 47.08982849121094 94.18191528320312 0.55186927318573 0.6109729409217834 0.39969372749328613
62 6550 44.053627014160156 88.10421752929688 0.6433790922164917 0.5982640385627747 0.3654637634754181
62 6560 47.28189468383789 94.5557632446289 1.0649842023849487 0.5580310225486755 0.2657334804534912
62 6570 49.561256408691406 99.1227798461914 0.7040160298347473 0.57459956407547 0.33156248927116394
62 6580 49.37849807739258 98.75604248046875 0.6177926659584045 0.6120286583900452 0.36634954810142517
62 6590 48.671104431152344 97.3432388305664 0.5820348858833313 0.618488073348999 0.36145129799842834
62 6600 49.09186935424805 98.19076538085938 0.9641780853271484 0.562659502029419 0.33003491163253784
62 6610 46.96903610229492 93.94042205810547 0.6972756385803223 0.5955578088760376 0.3632050156593323
62 6620 49.35469055175781 98.70447540283203 1.0948452949523926 0.5859614610671997 0.30834388732910156
62 6630 48.751182556152344 97.49909973144531 0.747779130935669 0.5705346465110779 0.317582905292511
63 6640 48.77400588989258 97.54939270019531 0.6460023522377014 0.5861561298370361 0.34137043356895447
63 6650 48.39363479614258 96.78874206542969 0.7191054821014404 0.5963588953018188 0.3892708718776703
63 6660 49.063907623291016 98.14045715332031 1.0696830749511719 0.5364527702331543 0.3349090814590454
63 6670 49.157623291015625 98.31635284423828 0.5705543756484985 0.5760286450386047 0.35850808024406433
63 6680 46.83171081542969 93.66520690917969 0.875253438949585 0.5774380564689636 0.31941530108451843
63 6690 48.45142364501953 96.89737701416016 0.9787344932556152 0.5396808981895447 0.2925848364830017
63 6700 49.42122268676758 98.8420181274414 1.1464769840240479 0.5363216400146484 0.3137435019016266
63 6710 49.26420211791992 98.53008270263672 1.0039243698120117 0.5595686435699463 0.31314051151275635
63 6720 48.70103454589844 97.39930725097656 0.42915278673171997 0.6742857098579407 0.39748096466064453
63 6730 48.81321334838867 97.62371063232422 0.617749035358429 0.5916840434074402 0.3554556965827942
63 6740 49.44794464111328 98.8963394165039 0.9363329410552979 0.5875281095504761 0.34097227454185486
64 6750 49.171112060546875 98.34739685058594 0.761844277381897 0.548416018486023 0.3595571517944336
64 6760 48.45954895019531 96.9241714477539 1.201796531677246 0.5793637037277222 0.32710325717926025
64 6770 49.162025451660156 98.32557678222656 0.5052145719528198 0.6149762272834778 0.38644731044769287
64 6780 46.904075622558594 93.81097412109375 0.5551630854606628 0.5806785225868225 0.31356120109558105
64 6790 48.82072067260742 97.63203430175781 0.9141028523445129 0.5662462711334229 0.3071410059928894
64 6800 49.016910552978516 98.02885437011719 0.6613612771034241 0.6087854504585266 0.35629531741142273
64 6810 47.346683502197266 94.69766235351562 0.7022403478622437 0.5879144072532654 0.34827643632888794
64 6820 49.25287628173828 98.50516510009766 0.4098421335220337 0.652922511100769 0.4203004240989685
64 6830 49.399898529052734 98.7984390258789 0.7967546582221985 0.5800098180770874 0.3193277418613434
64 6840 49.1744384765625 98.34906768798828 1.0723893642425537 0.530199408531189 0.27467283606529236
65 6850 48.95510482788086 97.9107666015625 0.6265480518341064 0.5735809803009033 0.34931182861328125
65 6860 49.67304229736328 99.3434066772461 0.8745534420013428 0.6232134699821472 0.3656468987464905
65 6870 49.089054107666016 98.17953491210938 1.223078727722168 0.5112619400024414 0.29652220010757446
65 6880 49.13064193725586 98.26676940917969 0.9436452388763428 0.5732172727584839 0.3504410684108734
65 6890 48.90367126464844 97.80095672607422 0.8520757555961609 0.5722836852073669 0.34452980756759644
65 6900 48.9837760925293 97.96500396728516 0.7852369546890259 0.5566223859786987 0.3071340322494507
65 6910 47.56167984008789 95.12193298339844 0.6518810987472534 0.5759664177894592 0.36581653356552124
65 6920 46.91859436035156 93.83817291259766 0.9633300304412842 0.5384354591369629 0.29583850502967834
65 6930 48.32254409790039 96.64295196533203 0.597345232963562 0.5680199861526489 0.36211973428726196
65 6940 48.54283905029297 97.0868911743164 0.7154123783111572 0.5782865285873413 0.36936867237091064
65 6950 49.785709381103516 99.57276916503906 0.9013250470161438 0.5748040676116943 0.3175599277019501
66 6960 48.1219596862793 96.2424087524414 0.6633772850036621 0.5498455762863159 0.3436896502971649
66 6970 48.88471221923828 97.75922393798828 0.8501042127609253 0.5921787619590759 0.3688184916973114
66 6980 49.6688232421875 99.33904266357422 0.8042556643486023 0.5320851802825928 0.3544509708881378
66 6990 48.414833068847656 96.82125091552734 1.45125150680542 0.5887873768806458 0.3074740469455719
66 7000 49.801116943359375 99.60028076171875 0.5845669507980347 0.5709722638130188 0.3799654543399811
66 7010 49.407962799072266 98.81769561767578 0.841262698173523 0.5585654377937317 0.37315207719802856
66 7020 49.53972244262695 99.0765151977539 0.6982603073120117 0.5670579075813293 0.34499359130859375
66 7030 49.24073028564453 98.48352813720703 0.8454963564872742 0.5820346474647522 0.36475855112075806
66 7040 49.378108978271484 98.75446319580078 0.930901050567627 0.47083985805511475 0.28392577171325684
66 7050 48.927406311035156 97.85140991210938 1.2161476612091064 0.5774968266487122 0.32732105255126953
66 7060 49.14039993286133 98.27600860595703 1.0673552751541138 0.5602881908416748 0.33348047733306885
67 7070 49.45777893066406 98.91223907470703 1.1611738204956055 0.5665808916091919 0.33570539951324463
67 7080 49.622589111328125 99.24681854248047 0.7870951890945435 0.5443037748336792 0.3521045744419098
67 7090 49.79726791381836 99.59246063232422 0.6765251159667969 0.5680672526359558 0.34358322620391846
67 7100 48.82804489135742 97.65540313720703 0.6120873093605042 0.6067771315574646 0.4131460189819336
67 7110 47.23455047607422 94.4691162109375 0.7581352591514587 0.5284782648086548 0.3302329182624817
67 7120 49.16096115112305 98.31951904296875 1.0197674036026 0.5396167635917664 0.32895568013191223
67 7130 49.28980255126953 98.57926940917969 0.8581109046936035 0.5778340697288513 0.36724549531936646
67 7140 47.800132751464844 95.59799194335938 0.6557818651199341 0.5974687337875366 0.3557904362678528
67 7150 47.75876235961914 95.51404571533203 0.5918068289756775 0.5391209125518799 0.3440009355545044
67 7160 49.736454010009766 99.47059631347656 1.0705366134643555 0.538000226020813 0.3088769316673279
68 7170 49.10507583618164 98.21480560302734 0.8818255662918091 0.541190505027771 0.3747732937335968
68 7180 49.398189544677734 98.79589080810547 1.11005437374115 0.5189611315727234 0.2890322506427765
68 7190 49.44243240356445 98.8851089477539 0.9965565204620361 0.5285486578941345 0.35451433062553406
68 7200 49.696136474609375 99.39217376708984 0.760225772857666 0.5589033961296082 0.3910604417324066
68 7210 47.571136474609375 95.14479064941406 0.9293556213378906 0.5239196419715881 0.3359612822532654
68 7220 49.76633834838867 99.53276824951172 0.9259123802185059 0.4755244851112366 0.2868441939353943
68 7230 49.75461196899414 99.50958251953125 0.835411012172699 0.5678373575210571 0.3706815242767334
68 7240 47.30531311035156 94.61660766601562 1.4320766925811768 0.4677439332008362 0.3147110342979431
68 7250 49.069881439208984 98.138427734375 0.6760969161987305 0.5921224355697632 0.3791990578174591
68 7260 49.434505462646484 98.86750793457031 0.8477655053138733 0.5694206357002258 0.3332998752593994
68 7270 47.32304000854492 94.64244079589844 1.2544519901275635 0.5182623863220215 0.3468612730503082
69 7280 49.370052337646484 98.74192810058594 0.7765222787857056 0.5672440528869629 0.3782869875431061
69 7290 47.90754318237305 95.81410217285156 1.1527575254440308 0.5220219492912292 0.3099973797798157
69 7300 49.6878662109375 99.37328338623047 1.0742366313934326 0.5333197116851807 0.3253200054168701
69 7310 49.82846450805664 99.6563720703125 0.8216235637664795 0.5914137959480286 0.3981066346168518
69 7320 47.99205780029297 95.98135375976562 0.8235529065132141 0.6282215118408203 0.4536096155643463
69 7330 48.235939025878906 96.47721099853516 0.9797961115837097 0.542702317237854 0.3563307225704193
69 7340 49.96489715576172 99.9296875 1.1739565134048462 0.514826774597168 0.3208959400653839
69 7350 47.14373016357422 94.28121948242188 0.6516531109809875 0.6006283164024353 0.40060240030288696
69 7360 49.79109573364258 99.58147430419922 1.3131680488586426 0.5204349160194397 0.3353559374809265
69 7370 49.377750396728516 98.75041198730469 1.0977022647857666 0.5831092000007629 0.38239702582359314
69 7380 49.30530548095703 98.61253356933594 0.8372167348861694 0.620701789855957 0.4133395850658417
70 7390 49.06523513793945 98.12743377685547 1.0434081554412842 0.5452700257301331 0.3418607711791992
70 7400 49.92931365966797 99.85828399658203 1.1691951751708984 0.5493706464767456 0.3365318775177002
70 7410 49.8664436340332 99.73124694824219 0.6612257957458496 0.5344057083129883 0.3477957546710968
70 7420 49.604759216308594 99.20651245117188 0.6050726175308228 0.5976183414459229 0.40731462836265564
1 7010 49.34943389892578 98.7054214477539 0.9923434853553772 0.5274178981781006 0.3572084605693817
1 7020 49.84342956542969 99.6866683959961 0.7682075500488281 0.4522714614868164 0.25241222977638245
1 7030 49.37275695800781 98.7419662475586 1.5222394466400146 0.44828104972839355 0.19943895936012268
1 7040 49.19410705566406 98.38298797607422 0.6237315535545349 0.4792664647102356 0.29062312841415405
